BitonicMerge_TwoArray_TwoKey : 48.37443911623423% = 3059498 cycles
ScanORAM_Write : 13.344049133726198% = 843960 cycles
Store_Blocks : 6.419345234660059% = 405999 cycles
bitwiseReverse : 5.5936825897916025% = 353779 cycles
before_all : 5.578377315179718% = 352811 cycles
Init_ORAM : 4.30693273600599% = 272397 cycles
ScanORAM_Read : 3.963765711030407% = 250693 cycles
BitonicSubSort_TwoArray_TwoKey : 3.39821367839349% = 214924 cycles
BitonicSort_TwoArray_TwoKey : 3.2546634839706496% = 205845 cycles
Fetch_Blocks : 2.7898290125710377% = 176446 cycles
PushBack : 2.1509919098658465% = 136042 cycles
main : 0.5385306335545694% = 34060 cycles
Retrieve_LeafLabel : 0.19071510575264874% = 12062 cycles
Access_ORAM : 0.07344318240930636% = 4645 cycles
__x86.get_pc_thunk.bx : 0.006672340791545164% = 422 cycles
log_2 : 0.0052809521904646555% = 334 cycles
frame_dummy : 0.00512283984943278% = 324 cycles
_fini : 0.002593042392922765% = 164 cycles
__do_global_dtors_aux : 0.0015653121762155718% = 99 cycles
roundToPowerOf2 : 0.0007115055346434417% = 45 cycles
__libc_csu_init : 0.0005692044277147533% = 36 cycles
_init : 0.00036365838437331464% = 23 cycles
deregister_tm_clones : 0.00014230110692868832% = 9 cycles
Init_ORAM_Tree : 0.0% = 0 cycles
MergeSubSort_TwoArray_TwoKey : 0.0% = 0 cycles
Merge_Block : 0.0% = 0 cycles
BitonicSort_Int : 0.0% = 0 cycles
GenRandLeaf : 0.0% = 0 cycles
Merge_TwoArray : 0.0% = 0 cycles
_start : 0.0% = 0 cycles
Print_ORAM : 0.0% = 0 cycles
Init_ORAM_Controller : 0.0% = 0 cycles
BitonicSort_General : 0.0% = 0 cycles
MergeSort_TwoArray : 0.0% = 0 cycles
BitonicMerge_Block : 0.0% = 0 cycles
BitonicSubSort_Block : 0.0% = 0 cycles
MergeSubSort_TwoArray : 0.0% = 0 cycles
cmov : 0.0% = 0 cycles
Merge_TwoArray_TwoKey : 0.0% = 0 cycles
BitonicSubSort_TwoArray : 0.0% = 0 cycles
Init_Stash : 0.0% = 0 cycles
BitonicMerge_TwoArray : 0.0% = 0 cycles
cmovn : 0.0% = 0 cycles
BitonicMerge_General : 0.0% = 0 cycles
MergeSort_Block : 0.0% = 0 cycles
Init_PosMap : 0.0% = 0 cycles
MergeSort_TwoArray_TwoKey : 0.0% = 0 cycles
BitonicSort_TwoArray : 0.0% = 0 cycles
register_tm_clones : 0.0% = 0 cycles
BitonicMerge_Int : 0.0% = 0 cycles
BitonicSubSort_General : 0.0% = 0 cycles
MergeSubSort_Int : 0.0% = 0 cycles
Merge_General : 0.0% = 0 cycles
Stash_Full : 0.0% = 0 cycles
rdtsc : 0.0% = 0 cycles
checkPowerOfTwo.part.0 : 0.0% = 0 cycles
Func_Time_Measure_Begin : 0.0% = 0 cycles
__libc_csu_fini : 0.0% = 0 cycles
MergeSubSort_General : 0.0% = 0 cycles
MergeSort_Int : 0.0% = 0 cycles
Print_All : 0.0% = 0 cycles
MergeSort_General : 0.0% = 0 cycles
Free_ORAM : 0.0% = 0 cycles
Print_PosMap : 0.0% = 0 cycles
MergeSubSort_Block : 0.0% = 0 cycles
BitonicSort_Block : 0.0% = 0 cycles
BitonicSubSort_Int : 0.0% = 0 cycles
Print_Stash : 0.0% = 0 cycles
Print_Func_Time_Stats : 0.0% = 0 cycles
======== end =========
