Access_ORAM : 53.592956034628635% = 4753819 cycles
Fetch_Blocks : 27.28850015292725% = 2420553 cycles
MergeSubSort_TwoArray : 12.39848206884353% = 1099774 cycles

PushBack : 4.796008131017106% = 425417 cycles
Store_Blocks : 0.5718114894640286% = 50721 cycles
_start : 0.5146878362017855% = 45654 cycles
Init_ORAM : 0.3529671324230451% = 31309 cycles
main : 0.3022694673904208% = 26812 cycles
MergeSort_TwoArray : 0.1592630451225002% = 14127 cycles
Free_ORAM : 0.02305464198170262% = 2045 cycles
MergeSubSort_Int : 0.0% = 0 cycles
MergeSubSort_Block : 0.0% = 0 cycles
BitonicSort_Int : 0.0% = 0 cycles
Init_ORAM_Controller : 0.0% = 0 cycles
PosMap_Full : 0.0% = 0 cycles
Find_PosMap : 0.0% = 0 cycles
MergeSort_Block : 0.0% = 0 cycles
Init_Stash : 0.0% = 0 cycles
Find_PosMap.part.0 : 0.0% = 0 cycles
BitonicSubSort_Block : 0.0% = 0 cycles
Init_ORAM_Tree : 0.0% = 0 cycles
BitonicSubSort_TwoArray : 0.0% = 0 cycles
GenRandLeaf : 0.0% = 0 cycles
Retrieve_LeafLabel : 0.0% = 0 cycles
BitonicSubSort_Int : 0.0% = 0 cycles
BitonicSort_TwoArray : 0.0% = 0 cycles
Stash_Full : 0.0% = 0 cycles
Print_Func_Time_Stats : 0.0% = 0 cycles
BitonicMerge_Int : 0.0% = 0 cycles
BitonicMerge_TwoArray : 0.0% = 0 cycles
BitonicSort_Block : 0.0% = 0 cycles
Init_PosMap : 0.0% = 0 cycles
MergeSort_Int : 0.0% = 0 cycles
BitonicMerge_Block : 0.0% = 0 cycles
